     1    0.633793
     2    0.638602
     3    0.639074
     4    0.636947
     5    0.635008
     6    0.640722
     7    0.640706
     8    0.636362
     9    0.638468
    10    0.640855
    11    0.666992
    12    0.725584
    13    0.789258
    14    0.808933
    15    0.811837
    16    0.809685
    17    0.813510
    18    0.803330
    19    0.812527
    20    0.815874
    21    0.815738
    22    0.814395
    23    0.812520
    24    0.810635
    25    0.808238
    26    0.801182
    27    0.796892
    28    0.794190
    29    0.789064
    30    0.787731
    31    0.785839
    32    0.782874
    33    0.783152
    34    0.775183
    35    0.764395
    36    0.760003
    37    0.763407
    38    0.766308
    39    0.766535
    40    0.774606
    41    0.780987
    42    0.783879
    43    0.795584
    44    0.801659
    45    0.801167
    46    0.790175
    47    0.774808
    48    0.767954
    49    0.759566
    50    0.764460
    51    0.774269
    52    0.775783
    53    0.777122
    54    0.788296
    55    0.790148
    56    0.787848
    57    0.783965
    58    0.774661
    59    0.776563
    60    0.784542
    61    0.796021
    62    0.800030
    63    0.796417
    64    0.803781
    65    0.806470
    66    0.806376
    67    0.803567
    68    0.800301
    69    0.800783
    70    0.799556
    71    0.795379
    72    0.794690
    73    0.797184
    74    0.797413
    75    0.802280
    76    0.809148
    77    0.811310
    78    0.813868
    79    0.812171
    80    0.808489
    81    0.809990
    82    0.798462
    83    0.796549
    84    0.799914
    85    0.804931
    86    0.807059
    87    0.802654
    88    0.804229
    89    0.815843
    90    0.814462
    91    0.822945
    92    0.810080
    93    0.797306
    94    0.788704
    95    0.782936
    96    0.771818
    97    0.688243
    98    0.646982
    99    0.654163
   100    0.666162
   101    0.654868
   102    0.668755
   103    0.674002
   104    0.681181
   105    0.685085
   106    0.690467
   107    0.695233
   108    0.700502
   109    0.709665
   110    0.717113
   111    0.727856
   112    0.734368
   113    0.738082
   114    0.743558
   115    0.763746
   116    0.759304
   117    0.766460
   118    0.766768
   119    0.770510
   120    0.760568
   121    0.767883
   122    0.780749
   123    0.781310
   124    0.793691
   125    0.798587
   126    0.808813
   127    0.813894
   128    0.811819
   129    0.806949
   130    0.805390
   131    0.803107
   132    0.801737
   133    0.802185
   134    0.803579
   135    0.805212
   136    0.807775
   137    0.809059
   138    0.809068
   139    0.809214
   140    0.804286
   141    0.796806
   142    0.794015
   143    0.791483
   144    0.791336
   145    0.790692
   146    0.784648
   147    0.777760
   148    0.772298
   149    0.767219
   150    0.757674
   151    0.742939
   152    0.717113
   153    0.677287
   154    0.632815
   155    0.589776
   156    0.559193
   157    0.551158
   158    0.567416
   159    0.592724
   160    0.604537
   161    0.601996
   162    0.586860
   163    0.574798
   164    0.560783
   165    0.537522
   166    0.526568
   167    0.518589
   168    0.513739
