     1    0.588469
     2    0.601476
     3    0.602880
     4    0.605154
     5    0.600329
     6    0.600032
     7    0.600176
     8    0.599727
     9    0.599786
    10    0.600353
    11    0.590650
    12    0.564893
    13    0.509304
    14    0.463286
    15    0.431279
    16    0.413859
    17    0.394832
    18    0.387289
    19    0.387376
    20    0.383065
    21    0.381442
    22    0.382122
    23    0.382160
    24    0.382739
    25    0.384457
    26    0.383708
    27    0.384769
    28    0.386240
    29    0.386389
    30    0.386040
    31    0.386793
    32    0.388361
    33    0.388982
    34    0.390606
    35    0.386997
    36    0.383423
    37    0.380228
    38    0.382046
    39    0.382761
    40    0.384524
    41    0.387206
    42    0.385931
    43    0.387428
    44    0.387374
    45    0.387437
    46    0.379504
    47    0.378479
    48    0.396224
    49    0.414388
    50    0.410115
    51    0.428482
    52    0.396212
    53    0.398184
    54    0.414304
    55    0.412556
    56    0.404368
    57    0.399753
    58    0.395347
    59    0.387923
    60    0.383298
    61    0.387812
    62    0.392438
    63    0.390259
    64    0.392595
    65    0.397661
    66    0.397156
    67    0.398044
    68    0.396345
    69    0.397770
    70    0.398987
    71    0.398880
    72    0.398259
    73    0.399163
    74    0.398558
    75    0.398070
    76    0.396353
    77    0.397221
    78    0.406357
    79    0.409624
    80    0.403841
    81    0.406458
    82    0.403138
    83    0.401842
    84    0.400843
    85    0.399936
    86    0.402578
    87    0.403995
    88    0.399302
    89    0.398883
    90    0.388182
    91    0.409093
    92    0.407994
    93    0.391531
    94    0.379706
    95    0.386101
    96    0.460467
    97    0.543429
    98    0.559256
    99    0.576239
   100    0.494377
   101    0.529654
   102    0.550400
   103    0.478623
   104    0.511367
   105    0.482796
   106    0.489901
   107    0.480241
   108    0.451282
   109    0.461067
   110    0.441147
   111    0.432395
   112    0.443227
   113    0.440507
   114    0.434478
   115    0.447458
   116    0.419335
   117    0.406652
   118    0.405471
   119    0.446834
   120    0.420619
   121    0.432282
   122    0.435101
   123    0.422647
   124    0.419990
   125    0.405699
   126    0.409987
   127    0.404244
   128    0.406670
   129    0.408723
   130    0.411589
   131    0.413253
   132    0.415371
   133    0.418249
   134    0.418306
   135    0.419180
   136    0.418342
   137    0.416651
   138    0.409828
   139    0.411902
   140    0.416772
   141    0.416050
   142    0.414494
   143    0.418020
   144    0.415212
   145    0.421749
   146    0.421488
   147    0.426668
   148    0.421314
   149    0.420599
   150    0.416899
   151    0.411704
   152    0.406537
   153    0.403379
   154    0.394843
   155    0.386948
   156    0.382550
   157    0.374819
   158    0.373272
   159    0.372424
   160    0.381155
   161    0.402614
   162    0.423481
   163    0.448572
   164    0.466892
   165    0.470350
   166    0.476205
   167    0.478777
   168    0.480598