     1    0.595512
     2    0.607209
     3    0.609202
     4    0.611181
     5    0.609095
     6    0.607035
     7    0.608955
     8    0.606014
     9    0.605575
    10    0.601178
    11    0.575730
    12    0.508373
    13    0.428823
    14    0.373056
    15    0.339100
    16    0.319627
    17    0.304431
    18    0.297265
    19    0.298326
    20    0.294141
    21    0.291951
    22    0.291898
    23    0.291747
    24    0.291950
    25    0.292883
    26    0.291346
    27    0.291503
    28    0.292404
    29    0.292390
    30    0.292103
    31    0.292191
    32    0.291320
    33    0.292232
    34    0.289358
    35    0.287436
    36    0.289658
    37    0.290645
    38    0.292259
    39    0.291716
    40    0.292443
    41    0.293973
    42    0.292788
    43    0.294633
    44    0.294479
    45    0.294271
    46    0.290118
    47    0.300570
    48    0.319334
    49    0.332034
    50    0.318959
    51    0.337018
    52    0.300834
    53    0.316593
    54    0.320110
    55    0.313507
    56    0.304419
    57    0.296897
    58    0.290213
    59    0.292450
    60    0.295822
    61    0.301584
    62    0.302917
    63    0.298975
    64    0.302313
    65    0.304812
    66    0.302829
    67    0.302454
    68    0.300930
    69    0.301771
    70    0.302147
    71    0.301778
    72    0.302068
    73    0.303436
    74    0.303307
    75    0.303823
    76    0.303966
    77    0.307996
    78    0.315747
    79    0.309910
    80    0.305949
    81    0.309543
    82    0.306135
    83    0.306427
    84    0.306717
    85    0.307047
    86    0.307410
    87    0.306820
    88    0.306203
    89    0.314713
    90    0.315812
    91    0.336500
    92    0.324656
    93    0.317201
    94    0.340639
    95    0.407778
    96    0.543080
    97    0.582045
    98    0.568510
    99    0.548736
   100    0.451511
   101    0.533949
   102    0.505477
   103    0.444769
   104    0.464195
   105    0.431018
   106    0.441454
   107    0.390368
   108    0.364890
   109    0.358368
   110    0.342008
   111    0.343671
   112    0.349698
   113    0.341378
   114    0.331890
   115    0.338357
   116    0.308970
   117    0.313252
   118    0.325935
   119    0.346093
   120    0.322033
   121    0.326178
   122    0.329329
   123    0.314202
   124    0.314059
   125    0.312218
   126    0.317401
   127    0.317966
   128    0.321299
   129    0.319473
   130    0.320135
   131    0.320477
   132    0.321888
   133    0.323890
   134    0.324534
   135    0.327146
   136    0.328363
   137    0.329137
   138    0.328562
   139    0.334606
   140    0.335841
   141    0.331967
   142    0.332797
   143    0.334938
   144    0.336859
   145    0.344392
   146    0.342638
   147    0.344471
   148    0.341199
   149    0.341643
   150    0.340471
   151    0.339160
   152    0.338969
   153    0.337133
   154    0.331972
   155    0.327954
   156    0.326919
   157    0.330664
   158    0.337459
   159    0.353305
   160    0.376786
   161    0.403677
   162    0.427166
   163    0.449445
   164    0.468642
   165    0.470766
   166    0.477324
   167    0.480480
   168    0.482168
