     1    0.592086
     2    0.604204
     3    0.606556
     4    0.609226
     5    0.605603
     6    0.603271
     7    0.604399
     8    0.602792
     9    0.601632
    10    0.597941
    11    0.564333
    12    0.482664
    13    0.385720
    14    0.323040
    15    0.286448
    16    0.265992
    17    0.249460
    18    0.242171
    19    0.242105
    20    0.237705
    21    0.235474
    22    0.235321
    23    0.235021
    24    0.235187
    25    0.236008
    26    0.234689
    27    0.234904
    28    0.235698
    29    0.235592
    30    0.235294
    31    0.235357
    32    0.234685
    33    0.235760
    34    0.234202
    35    0.232231
    36    0.232797
    37    0.232504
    38    0.233867
    39    0.233621
    40    0.234430
    41    0.236117
    42    0.235090
    43    0.236750
    44    0.236880
    45    0.236907
    46    0.232793
    47    0.241006
    48    0.259870
    49    0.274008
    50    0.263696
    51    0.279779
    52    0.246302
    53    0.257162
    54    0.263433
    55    0.257701
    56    0.248504
    57    0.241505
    58    0.235812
    59    0.235452
    60    0.236200
    61    0.240760
    62    0.242571
    63    0.239166
    64    0.241852
    65    0.244818
    66    0.243279
    67    0.242990
    68    0.241368
    69    0.242056
    70    0.242569
    71    0.242145
    72    0.242078
    73    0.243134
    74    0.242873
    75    0.243027
    76    0.242840
    77    0.245942
    78    0.253604
    79    0.250361
    80    0.245828
    81    0.248598
    82    0.245307
    83    0.244974
    84    0.244827
    85    0.244934
    86    0.245786
    87    0.245765
    88    0.244834
    89    0.250088
    90    0.247836
    91    0.267021
    92    0.259417
    93    0.250782
    94    0.264641
    95    0.318964
    96    0.464531
    97    0.546680
    98    0.550001
    99    0.533357
   100    0.425507
   101    0.510613
   102    0.485584
   103    0.412167
   104    0.435253
   105    0.396684
   106    0.400129
   107    0.356380
   108    0.320574
   109    0.312567
   110    0.291383
   111    0.288158
   112    0.294454
   113    0.286095
   114    0.276174
   115    0.281228
   116    0.252259
   117    0.251105
   118    0.260039
   119    0.284670
   120    0.260858
   121    0.265303
   122    0.266641
   123    0.252736
   124    0.251220
   125    0.246307
   126    0.251047
   127    0.249617
   128    0.252141
   129    0.251408
   130    0.252434
   131    0.252888
   132    0.254140
   133    0.255965
   134    0.256188
   135    0.258094
   136    0.258825
   137    0.259127
   138    0.257453
   139    0.262392
   140    0.264897
   141    0.262266
   142    0.262199
   143    0.264806
   144    0.265309
   145    0.272206
   146    0.271121
   147    0.273766
   148    0.270754
   149    0.271137
   150    0.269991
   151    0.268859
   152    0.269012
   153    0.268756
   154    0.265131
   155    0.262328
   156    0.261705
   157    0.263232
   158    0.269231
   159    0.281589
   160    0.305884
   161    0.340337
   162    0.375733
   163    0.412254
   164    0.442683
   165    0.453799
   166    0.466848
   167    0.473024
   168    0.477777
