     1    0.596527
     2    0.612197
     3    0.614407
     4    0.617568
     5    0.615929
     6    0.613472
     7    0.614812
     8    0.611823
     9    0.611137
    10    0.610035
    11    0.603237
    12    0.579960
    13    0.546148
    14    0.505968
    15    0.476416
    16    0.458368
    17    0.445047
    18    0.436442
    19    0.441624
    20    0.438335
    21    0.436837
    22    0.438176
    23    0.438923
    24    0.439655
    25    0.441594
    26    0.439884
    27    0.440996
    28    0.443008
    29    0.443754
    30    0.443684
    31    0.443970
    32    0.443072
    33    0.444941
    34    0.438931
    35    0.434907
    36    0.441453
    37    0.446259
    38    0.449773
    39    0.449864
    40    0.451150
    41    0.453614
    42    0.452024
    43    0.454464
    44    0.453761
    45    0.452483
    46    0.446244
    47    0.460865
    48    0.479496
    49    0.490586
    50    0.468488
    51    0.498365
    52    0.447504
    53    0.478943
    54    0.477333
    55    0.471028
    56    0.463713
    57    0.456701
    58    0.445949
    59    0.453825
    60    0.465658
    61    0.477473
    62    0.479638
    63    0.473843
    64    0.479953
    65    0.481964
    66    0.478417
    67    0.477931
    68    0.476680
    69    0.478600
    70    0.479388
    71    0.479535
    72    0.481343
    73    0.484146
    74    0.484348
    75    0.485724
    76    0.486410
    77    0.493072
    78    0.502966
    79    0.489442
    80    0.487208
    81    0.495680
    82    0.491344
    83    0.493709
    84    0.495276
    85    0.496486
    86    0.496013
    87    0.493547
    88    0.490066
    89    0.509602
    90    0.519277
    91    0.551333
    92    0.521888
    93    0.511760
    94    0.558841
    95    0.666795
    96    0.803176
    97    0.706974
    98    0.628572
    99    0.603438
   100    0.524423
   101    0.611610
   102    0.576379
   103    0.535857
   104    0.560064
   105    0.534226
   106    0.551910
   107    0.508524
   108    0.498004
   109    0.500018
   110    0.492460
   111    0.506161
   112    0.516559
   113    0.507072
   114    0.497425
   115    0.514100
   116    0.475391
   117    0.496773
   118    0.524063
   119    0.543700
   120    0.504099
   121    0.512601
   122    0.524094
   123    0.503820
   124    0.512327
   125    0.516611
   126    0.526320
   127    0.533699
   128    0.542855
   129    0.538041
   130    0.538670
   131    0.537782
   132    0.539621
   133    0.542194
   134    0.543970
   135    0.548975
   136    0.551627
   137    0.552622
   138    0.551801
   139    0.561002
   140    0.558872
   141    0.550337
   142    0.554080
   143    0.557491
   144    0.562466
   145    0.574534
   146    0.568971
   147    0.569991
   148    0.564444
   149    0.565346
   150    0.563602
   151    0.561787
   152    0.561380
   153    0.557045
   154    0.548412
   155    0.541850
   156    0.540852
   157    0.547100
   158    0.554562
   159    0.573400
   160    0.591796
   161    0.597021
   162    0.581844
   163    0.562659
   164    0.547849
   165    0.522039
   166    0.511719
   167    0.502471
   168    0.496168
