     1    0.594907
     2    0.610163
     3    0.612686
     4    0.615462
     5    0.614412
     6    0.611404
     7    0.612373
     8    0.609549
     9    0.609178
    10    0.605899
    11    0.583751
    12    0.525215
    13    0.454550
    14    0.400444
    15    0.366182
    16    0.345956
    17    0.330249
    18    0.323734
    19    0.325762
    20    0.321578
    21    0.319788
    22    0.320337
    23    0.320457
    24    0.321004
    25    0.321810
    26    0.320128
    27    0.320679
    28    0.322017
    29    0.321998
    30    0.321699
    31    0.321647
    32    0.320706
    33    0.321993
    34    0.317457
    35    0.314351
    36    0.318193
    37    0.321195
    38    0.323363
    39    0.323049
    40    0.324236
    41    0.326075
    42    0.324609
    43    0.327000
    44    0.326616
    45    0.325709
    46    0.321911
    47    0.340712
    48    0.361230
    49    0.371708
    50    0.347944
    51    0.373993
    52    0.325551
    53    0.355780
    54    0.352300
    55    0.343230
    56    0.333736
    57    0.326151
    58    0.317512
    59    0.322669
    60    0.330145
    61    0.339067
    62    0.340109
    63    0.334764
    64    0.340215
    65    0.342052
    66    0.338551
    67    0.337547
    68    0.335916
    69    0.337182
    70    0.337459
    71    0.336954
    72    0.337947
    73    0.339964
    74    0.339732
    75    0.340665
    76    0.341447
    77    0.347817
    78    0.356925
    79    0.344440
    80    0.340853
    81    0.346871
    82    0.342542
    83    0.343782
    84    0.344977
    85    0.346065
    86    0.346133
    87    0.345277
    88    0.343007
    89    0.356028
    90    0.363001
    91    0.391446
    92    0.368622
    93    0.361673
    94    0.407820
    95    0.520732
    96    0.690520
    97    0.660183
    98    0.604667
    99    0.570178
   100    0.465521
   101    0.568855
   102    0.525708
   103    0.467321
   104    0.490560
   105    0.455428
   106    0.468953
   107    0.413276
   108    0.392554
   109    0.387127
   110    0.373017
   111    0.382062
   112    0.390503
   113    0.379559
   114    0.367506
   115    0.376679
   116    0.339040
   117    0.353234
   118    0.378017
   119    0.396851
   120    0.362385
   121    0.366458
   122    0.371110
   123    0.351481
   124    0.353473
   125    0.354910
   126    0.361266
   127    0.364074
   128    0.370816
   129    0.368129
   130    0.368555
   131    0.368412
   132    0.370236
   133    0.372113
   134    0.372875
   135    0.376707
   136    0.378234
   137    0.379068
   138    0.378980
   139    0.387359
   140    0.387117
   141    0.380272
   142    0.382484
   143    0.385325
   144    0.388976
   145    0.399245
   146    0.395987
   147    0.396971
   148    0.392653
   149    0.393613
   150    0.392713
   151    0.392368
   152    0.393588
   153    0.391828
   154    0.386369
   155    0.382560
   156    0.382318
   157    0.388832
   158    0.398439
   159    0.418795
   160    0.445815
   161    0.469706
   162    0.481174
   163    0.488762
   164    0.496494
   165    0.487585
   166    0.488603
   167    0.487489
   168    0.485978
