     1    0.593229
     2    0.608690
     3    0.611463
     4    0.614415
     5    0.612881
     6    0.610053
     7    0.611168
     8    0.608204
     9    0.608751
    10    0.605914
    11    0.589847
    12    0.548717
    13    0.493073
    14    0.443513
    15    0.409925
    16    0.390003
    17    0.373820
    18    0.365703
    19    0.369023
    20    0.364736
    21    0.362641
    22    0.363300
    23    0.363479
    24    0.363905
    25    0.365227
    26    0.363360
    27    0.364031
    28    0.365626
    29    0.365701
    30    0.365355
    31    0.365391
    32    0.364278
    33    0.365765
    34    0.360660
    35    0.357291
    36    0.361904
    37    0.364969
    38    0.367644
    39    0.367158
    40    0.368220
    41    0.370370
    42    0.368382
    43    0.370821
    44    0.370159
    45    0.368877
    46    0.362383
    47    0.377938
    48    0.399283
    49    0.412647
    50    0.390020
    51    0.419815
    52    0.367101
    53    0.395992
    54    0.396454
    55    0.388913
    56    0.379340
    57    0.370961
    58    0.361173
    59    0.366778
    60    0.374881
    61    0.384828
    62    0.386612
    63    0.380386
    64    0.385806
    65    0.388296
    66    0.384697
    67    0.383971
    68    0.381988
    69    0.383412
    70    0.383960
    71    0.383549
    72    0.384612
    73    0.386816
    74    0.386500
    75    0.387261
    76    0.387308
    77    0.393304
    78    0.403775
    79    0.392220
    80    0.388082
    81    0.394935
    82    0.390384
    83    0.391593
    84    0.392488
    85    0.393220
    86    0.393064
    87    0.391450
    88    0.389108
    89    0.404268
    90    0.409504
    91    0.440282
    92    0.416160
    93    0.405144
    94    0.445628
    95    0.550151
    96    0.708114
    97    0.668516
    98    0.610468
    99    0.584779
   100    0.484059
   101    0.579006
   102    0.547106
   103    0.487676
   104    0.514773
   105    0.481171
   106    0.497066
   107    0.448215
   108    0.428506
   109    0.427316
   110    0.413139
   111    0.421808
   112    0.432051
   113    0.422287
   114    0.411088
   115    0.424417
   116    0.384574
   117    0.397971
   118    0.421358
   119    0.445038
   120    0.408679
   121    0.415569
   122    0.422227
   123    0.400456
   124    0.403035
   125    0.404592
   126    0.413363
   127    0.416876
   128    0.423890
   129    0.420370
   130    0.420665
   131    0.420322
   132    0.422182
   133    0.424399
   134    0.425181
   135    0.429257
   136    0.430702
   137    0.431414
   138    0.430328
   139    0.438893
   140    0.438865
   141    0.431790
   142    0.434099
   143    0.437230
   144    0.440583
   145    0.451399
   146    0.447419
   147    0.448783
   148    0.443730
   149    0.444693
   150    0.443308
   151    0.442321
   152    0.442994
   153    0.440573
   154    0.434268
   155    0.429586
   156    0.428871
   157    0.434647
   158    0.443250
   159    0.461919
   160    0.485751
   161    0.504262
   162    0.507970
   163    0.508612
   164    0.510505
   165    0.496463
   166    0.494388
   167    0.491107
   168    0.488483
