     1    0.591980
     2    0.602285
     3    0.603775
     4    0.604630
     5    0.603414
     6    0.601042
     7    0.601602
     8    0.599809
     9    0.598621
    10    0.593552
    11    0.557513
    12    0.463965
    13    0.361268
    14    0.295585
    15    0.259428
    16    0.238917
    17    0.222273
    18    0.215861
    19    0.215295
    20    0.210770
    21    0.208495
    22    0.208086
    23    0.207608
    24    0.207733
    25    0.208323
    26    0.206931
    27    0.206922
    28    0.207499
    29    0.207326
    30    0.207048
    31    0.207221
    32    0.206608
    33    0.207391
    34    0.205838
    35    0.204390
    36    0.205040
    37    0.204772
    38    0.205894
    39    0.205407
    40    0.206057
    41    0.207520
    42    0.206415
    43    0.208227
    44    0.208416
    45    0.208567
    46    0.204330
    47    0.213503
    48    0.233422
    49    0.248177
    50    0.237077
    51    0.254563
    52    0.219338
    53    0.231041
    54    0.237375
    55    0.231165
    56    0.221262
    57    0.213588
    58    0.208189
    59    0.207964
    60    0.208102
    61    0.212391
    62    0.213866
    63    0.209872
    64    0.212428
    65    0.215428
    66    0.213842
    67    0.213617
    68    0.211814
    69    0.212459
    70    0.212816
    71    0.212204
    72    0.212015
    73    0.212982
    74    0.212637
    75    0.212701
    76    0.212325
    77    0.215595
    78    0.223833
    79    0.220699
    80    0.215478
    81    0.218037
    82    0.214484
    83    0.214015
    84    0.213845
    85    0.213958
    86    0.214692
    87    0.214855
    88    0.214790
    89    0.219498
    90    0.215901
    91    0.235821
    92    0.228867
    93    0.219192
    94    0.230440
    95    0.284044
    96    0.435538
    97    0.527483
    98    0.535003
    99    0.521064
   100    0.407607
   101    0.493614
   102    0.473272
   103    0.394450
   104    0.419437
   105    0.380299
   106    0.387426
   107    0.339076
   108    0.303800
   109    0.296368
   110    0.273487
   111    0.269389
   112    0.276939
   113    0.269623
   114    0.259167
   115    0.264599
   116    0.233353
   117    0.229212
   118    0.237015
   119    0.264433
   120    0.240285
   121    0.243939
   122    0.243946
   123    0.229362
   124    0.225883
   125    0.220222
   126    0.224799
   127    0.221926
   128    0.223290
   129    0.222151
   130    0.222327
   131    0.222265
   132    0.222686
   133    0.223925
   134    0.223684
   135    0.225050
   136    0.225927
   137    0.226431
   138    0.225088
   139    0.230000
   140    0.233095
   141    0.230972
   142    0.230301
   143    0.232345
   144    0.232191
   145    0.238382
   146    0.237770
   147    0.240299
   148    0.237492
   149    0.237879
   150    0.236854
   151    0.235766
   152    0.236144
   153    0.236712
   154    0.233703
   155    0.231796
   156    0.231425
   157    0.233275
   158    0.239595
   159    0.252363
   160    0.277902
   161    0.315680
   162    0.354937
   163    0.395573
   164    0.429912
   165    0.445727
   166    0.459368
   167    0.468018
   168    0.473164
