     1    0.596498
     2    0.612179
     3    0.614391
     4    0.617563
     5    0.615919
     6    0.613457
     7    0.614795
     8    0.611802
     9    0.611122
    10    0.610016
    11    0.603209
    12    0.579911
    13    0.546064
    14    0.505859
    15    0.476295
    16    0.458239
    17    0.444908
    18    0.436306
    19    0.441486
    20    0.438194
    21    0.436693
    22    0.438033
    23    0.438781
    24    0.439515
    25    0.441458
    26    0.439748
    27    0.440864
    28    0.442876
    29    0.443624
    30    0.443556
    31    0.443840
    32    0.442943
    33    0.444813
    34    0.438804
    35    0.434781
    36    0.441331
    37    0.446138
    38    0.449652
    39    0.449743
    40    0.451030
    41    0.453493
    42    0.451898
    43    0.454337
    44    0.453631
    45    0.452352
    46    0.446114
    47    0.460749
    48    0.479393
    49    0.490493
    50    0.468375
    51    0.498273
    52    0.447378
    53    0.478836
    54    0.477219
    55    0.470912
    56    0.463595
    57    0.456581
    58    0.445823
    59    0.453701
    60    0.465537
    61    0.477354
    62    0.479519
    63    0.473724
    64    0.479834
    65    0.481847
    66    0.478296
    67    0.477811
    68    0.476561
    69    0.478480
    70    0.479270
    71    0.479419
    72    0.481229
    73    0.484030
    74    0.484230
    75    0.485606
    76    0.486288
    77    0.492958
    78    0.502854
    79    0.489323
    80    0.487087
    81    0.495563
    82    0.491229
    83    0.493598
    84    0.495164
    85    0.496372
    86    0.495897
    87    0.493434
    88    0.489949
    89    0.509490
    90    0.519170
    91    0.551243
    92    0.521783
    93    0.511650
    94    0.558765
    95    0.666784
    96    0.803258
    97    0.707022
    98    0.628593
    99    0.603435
   100    0.524362
   101    0.611613
   102    0.576355
   103    0.535803
   104    0.560027
   105    0.534173
   106    0.551868
   107    0.508457
   108    0.497929
   109    0.499944
   110    0.492374
   111    0.506077
   112    0.516481
   113    0.506987
   114    0.497332
   115    0.514010
   116    0.475276
   117    0.496671
   118    0.523973
   119    0.543625
   120    0.504002
   121    0.512512
   122    0.524010
   123    0.503721
   124    0.512221
   125    0.516495
   126    0.526211
   127    0.533593
   128    0.542754
   129    0.537939
   130    0.538573
   131    0.537686
   132    0.539526
   133    0.542101
   134    0.543876
   135    0.548882
   136    0.551533
   137    0.552526
   138    0.551703
   139    0.560911
   140    0.558780
   141    0.550245
   142    0.553994
   143    0.557410
   144    0.562389
   145    0.574459
   146    0.568893
   147    0.569917
   148    0.564368
   149    0.565273
   150    0.563531
   151    0.561719
   152    0.561322
   153    0.556998
   154    0.548381
   155    0.541834
   156    0.540844
   157    0.547099
   158    0.554564
   159    0.573406
   160    0.591807
   161    0.597033
   162    0.581860
   163    0.562666
   164    0.547851
   165    0.522037
   166    0.511717
   167    0.502463
   168    0.496161
